1111111111111111111111111111111111111111111111111111111111111111111111
1111111111111111111111111111111111111001111111111111111111111111111111
1111111001111111111111111111111111100110111111111111111111111111111111
1111110110011111111111111111111111001111001111111111111111111111111111
1111101111100000001111111111111111011111110011111111111111111111111111
1111011111111111101111111111111110111111111100111111111111111111111111
1111011111111111101111111111111101111111111111001111111111111111111111
1111011111111111100000000011100011111111111111110011111111111111111111
1111011111111111111111111101011111111111111111111101111111111111111111
1110111111111111111111111110111111111111111111111101111111111111111111
1110111111111111111111111111111111111111111111111101111111111111111111
1111011111111111111111111111111111000111111111111011111111111111111111
1111100011011111111111111111111000111011111111110111111111111111111111
1111111011011111111111111111111101111101111111110111111111111111111111
1111111100011111111111111111111100111011111111000111111111111111111111
1111111111001111111111111111111111000111111111101111111111111111111111
1111111111110111111110111111111111111111111111101111111111111111111111
1111111111110111111101010001111111111111111111011111111111111111111111
1111111111110111111011101110001111111111111110111111111111111111111111
1111111111111011100111101111110111111111111001111111111111111111111111
1111111111111100011111111111111000011111100111111111111111111111111111
1111111111111111111111111111111111011100011111111111111111111111111111
1111111111111111111111111111111111011011111111111111111111111111111111
1111111111111111111111111111111111010111111111111111111111111111111111
1111111111111111111111111111111111101111111111111111111111111111111111
1111111111111111111111111111111111111111111111111111111111111111111111
1111111111111111111111111111111111111111111111111111111111111111111111
1111111111111111111111111111111111111111111111111111111111111111111111
1111111111111111111111111111111111111111111111111111111111111111111111
1111111111111111111111111111111111111111111111111111111111111111111111